<?xml version="1.0"?>
<opencv_storage>
<eye type_id="opencv-matrix">
  <rows>10</rows>
  <cols>10</cols>
  <dt>u</dt>
  <data>
    70 91 99 96 47 26 52 128 213 247 148 167 172 141 86 26 42 128 221
    255 213 219 193 151 83 18 31 117 213 255 242 219 167 112 34 8 16 96
    185 250 242 200 135 70 13 0 8 73 167 245 242 213 141 70 10 0 3 36
    130 234 229 229 156 112 62 31 26 52 117 182 200 234 180 148 104 83
    47 57 104 172 174 229 193 177 148 112 83 57 91 154 135 200 213 193
    167 122 83 42 62 122</data></eye>
</opencv_storage>
