<?xml version="1.0"?>
<opencv_storage>
<mat type_id="opencv-matrix">
  <rows>17</rows>
  <cols>17</cols>
  <dt>u</dt>
  <data>
    181 181 172 163 151 146 142 132 114 99 80 65 72 72 80 99 132 210 196
    205 196 196 196 181 163 151 144 132 114 106 99 87 99 125 228 228 228
    231 234 231 219 205 181 156 142 125 106 99 106 125 132 238 238 241
    243 243 238 214 196 172 142 132 87 80 80 87 114 125 248 249 251 245
    238 219 205 174 151 125 80 65 65 60 80 106 125 248 244 241 228 219
    214 196 151 135 106 72 60 55 48 60 99 114 234 219 210 181 174 146
    106 60 43 36 33 36 43 48 55 72 99 188 196 172 114 48 30 22 21 21 18
    18 25 33 40 55 72 99 188 142 72 51 30 13 13 18 8 7 11 26 38 51 65 72
    87 132 80 99 99 48 25 21 18 5 4 11 30 48 72 87 87 87 80 106 172 210
    114 30 13 6 0 2 11 33 60 99 125 114 106 99 125 172 214 144 43 18 4 1
    4 21 35 60 114 135 135 125 156 151 172 188 163 132 38 27 25 35 40 55
    80 125 144 142 142 219 196 196 205 188 163 87 51 43 51 65 99 125 142
    156 156 163 251 238 228 214 188 172 151 132 99 114 125 135 156 163
    174 188 210 254 251 241 231 210 188 181 172 172 172 163 163 181 188
    205 228 228 255 254 252 248 243 228 214 205 205 205 205 205 210 228
    228 231 234</data></mat>
</opencv_storage>
